$ANSIBLE_VAULT;1.1;AES256
62333339356365666538663335616239386339366431633935623238623435636563353663613364
6164306439343638616431306434383033666337326265310a663161613737386332383238633234
34666133386135613431306231333938623162656436366533613437323235326363666234396336
6436626332613062310a383364356434343064323536653136373633386561353164626331313032
64363366613937396635346564383466643330396333393835373337343735386633333565373265
36663035393835336163343739383165326463346365366561663963616438356361303833393631
62313835633432636564316466656430396263363539333630323535316462663238666433393433
31613234353165656665353031623764313962643561373234373938316639623739626136656436
37306466663339643463656132396665663534346234616539326539376233313433623661633737
64386165316632626166333639343131623935343066333164356431633131653261336266323065
36616366623732386164303538323330393536373333653563623630653031643839346433636134
36303735613263343537653064653433373930313362363139646663343763623865626563346566
31383532386432386539323066636531656530326134393039623061386236343933326633313435
35353831343761653063316331336365386265623931623735616165636665373134393133376234
30333339363537326434393564326363363061666466666138366664383863326462633761363762
64333239313361373538393661396361386534313163366661336238336265316330636531373462
36626136383165343965333631643863356263633261386563336539616237666435316338393239
39393138646166633363353833376634313564346664336531613364643736616539643965636430
34346230323862396635373332333161353462643732356361643333313561326231623433363739
36316561313838613537393565633331303334623961373430353936366433323738626361396265
36663230343132653364333161663532343732663663333632643233373861393137636465623866
64343561323930343566373539346336623139663361366566363532666532666566346438303161
36646439366433616662353339626134303938373162623963396663633238306631646437343938
39383163336266386365323238326462393234323031313833323435373037363536626534323561
30393738353962333539383662666263623339363431626136663634353363633431613766306430
66383030626461346336343238633939393265396365366532333436306139643733306435323362
38646534653333633030366164356365626136386234393661343230363166313763313433646661
35396538613731313163616135636431656536613161386137376336333165313839653835353730
30333562336664383139366135656366343936393739313536333664343839383730663531633266
65623465306666656462396264633130663437663761653533316135613133346264303931396532
63363166616431386237376137333330353863313966323238343632336432663333663238323336
37323837343863663131326332333338343135616263393432393961646332656439306537656530
31396239363136653861343533333365663034333035323837316431633435646334313837613338
33373464613266663439626139313964643338666463633466393833323030306165613966613534
33356165353333396465346435643733393739306166383236383163643134396237653533303733
35333933393435303030613862373739303661663231386438346163616430386236383335386339
33333764393635376366326335623130386137336631306337396134376565396261656261396466
31643761373633643262303561356662636163363131663665356263343134643432613630336365
61336562336539306564613465626234613436323535656339383138383664373461393863363864
62663661613439643937313735376332363032373131613438633839613633636235333136303939
38333338376563346638616338643931356132616335313763613738646534393335323234346137
35643338313733616463623039646533386139373664306361306436396334633963393631313536
61396164666331303965636261393936333937343463383039633961613963643964373633663434
63656333393261353263
